positive/1648636823.6355274.jpg 1 497 241 98 150
positive/1648636824.3912141.jpg 1 500 244 102 138
positive/1648636842.9967878.jpg 1 684 266 156 143
positive/1648636843.5308142.jpg 1 698 273 124 133
positive/1648636844.2755058.jpg 1 703 272 143 143
positive/1648636887.017291.jpg 1 91 374 129 106
positive/1648636889.0443056.jpg 1 154 137 112 129
positive/1648636890.0237212.jpg 1 142 150 112 116
positive/1648636891.8319273.jpg 1 46 59 84 64
positive/1648636892.1357844.jpg 1 45 56 100 64
positive/1648636893.9447384.jpg 1 309 4 90 78
positive/1648636894.3110805.jpg 1 349 0 88 77
positive/1648636896.8117845.jpg 1 510 0 88 91
positive/1648636898.4579701.jpg 1 687 75 94 139
positive/1648636899.8628933.jpg 1 779 344 122 139
positive/1648636901.203177.jpg 1 478 508 115 125
positive/1648636902.810618.jpg 1 196 464 156 124
positive/1648636904.4181066.jpg 1 108 149 113 142
positive/1648636905.8399994.jpg 1 315 37 113 139
positive/1648636907.5433168.jpg 1 672 129 77 144
positive/1648636908.7900054.jpg 1 664 385 121 148
positive/1648636919.3961372.jpg 1 259 20 107 125
positive/1648636921.3630326.jpg 1 139 10 104 145
positive/1648636922.8730485.jpg 1 11 171 125 126
positive/1648644482.1481469.jpg 1 438 147 114 155
positive/1648644484.18601.jpg 1 290 225 119 143
positive/1648644486.2188663.jpg 1 209 117 133 153
positive/1648644496.3346555.jpg 1 243 471 190 165
positive/1648644498.351486.jpg 1 371 148 86 141
positive/1648644500.4054184.jpg 1 173 388 185 149
positive/1648644506.486139.jpg 1 262 111 136 176
positive/1648644514.582266.jpg 1 400 142 149 177
positive/1648644522.6666672.jpg 1 287 460 183 162
positive/1648644526.7338772.jpg 1 431 48 116 156
positive/1648644528.7617173.jpg 1 266 207 106 155
positive/1648644538.8694034.jpg 1 336 429 186 163
positive/1648644548.9484425.jpg 1 256 73 149 186
positive/1648644554.9821792.jpg 1 489 353 134 171
positive/1648644559.042563.jpg 1 343 127 145 179
positive/1648644563.0894077.jpg 1 500 262 104 164
positive/1648644565.111749.jpg 1 86 228 115 147
positive/1648644573.1990578.jpg 1 596 87 121 164
positive/1648644575.2192826.jpg 1 465 377 114 176
positive/1648644579.2525718.jpg 1 417 255 141 179
positive/1648644581.258428.jpg 1 394 302 119 156
positive/1648644583.274259.jpg 1 430 269 135 148
positive/1648644587.3315823.jpg 1 345 297 124 118
positive/1648644589.3469694.jpg 1 277 252 130 167
positive/1648644593.4408202.jpg 1 408 145 102 159
positive/1648644595.4616544.jpg 1 140 49 164 154
positive/1648644597.480487.jpg 1 515 225 127 178
positive/1648644599.4833465.jpg 1 603 320 137 190
positive/1648644605.5454574.jpg 1 95 306 150 179
positive/1648644611.6196475.jpg 1 496 118 101 166
positive/1648644613.6265142.jpg 1 731 287 123 178
positive/1648644621.6850543.jpg 1 400 196 122 165
positive/1648644625.6938217.jpg 1 565 175 121 159
positive/1648644627.7216625.jpg 1 373 78 99 137
positive/1648644633.7847824.jpg 1 66 176 110 129
positive/1648644635.7906253.jpg 1 52 174 120 127
positive/1648644637.8154638.jpg 1 55 174 131 145
positive/1648644639.853316.jpg 1 63 177 116 143
positive/1648644641.861148.jpg 1 65 174 114 141
positive/1648644643.8705206.jpg 1 71 177 122 152
positive/1648644645.8775227.jpg 1 128 62 100 132
positive/1648644647.896992.jpg 1 225 54 109 133
positive/1648644649.914976.jpg 1 232 54 98 134
positive/1648644651.9565232.jpg 1 226 51 97 147
positive/1648644653.9965098.jpg 1 234 56 92 131
positive/1648644656.0174894.jpg 1 234 53 98 135
positive/1648644658.0702598.jpg 1 448 57 78 116
positive/1648644660.1077633.jpg 1 266 174 90 124
positive/1648644662.1106431.jpg 1 264 186 98 132
positive/1648644664.1487083.jpg 1 283 98 94 121
positive/1648644666.1807501.jpg 1 277 101 96 115
positive/1648644937.0498967.jpg 1 535 181 118 155
positive/1648644939.077738.jpg 1 137 181 112 149
positive/1648644941.1126285.jpg 1 151 268 119 138
positive/1648644943.1230142.jpg 1 452 108 89 137
positive/1648644967.4618583.jpg 1 387 150 94 154
positive/1648644975.5953808.jpg 1 504 121 94 159
positive/1648644977.611775.jpg 1 553 151 85 153
positive/1648644991.8049886.jpg 1 633 396 152 180
positive/1648644997.86203.jpg 1 691 68 106 154
positive/1648645001.8949115.jpg 1 49 384 168 138
positive/1648645003.8997312.jpg 1 584 275 96 157
positive/1648645011.979209.jpg 1 261 175 122 138
positive/1648645014.0020556.jpg 1 292 149 127 169
positive/1648645016.0154767.jpg 1 319 73 116 178
positive/1648645020.057211.jpg 1 261 151 122 162
positive/1648645030.1814377.jpg 1 128 151 124 150
positive/1648645038.2535605.jpg 1 59 356 155 172
positive/1648645050.4734051.jpg 1 829 296 114 198
positive/1648645072.7339864.jpg 1 75 48 156 207
positive/1648645074.7443619.jpg 1 575 70 118 203
positive/1648645090.8631952.jpg 1 701 59 140 178
positive/1648645094.8954918.jpg 1 173 263 188 201
positive/1648645096.9050364.jpg 1 254 231 151 191
positive/1648645098.9145093.jpg 1 358 49 109 128
positive/1648645100.9058595.jpg 1 505 70 131 180
positive/1648645104.9786463.jpg 1 471 244 120 171